44,87.30,2.84,1028.79,0.00,3.96 16:56:06 22/09/18
44,85.50,2.86,1028.79,0.00,3.97 16:56:28 22/09/18
44,87.80,2.54,1028.78,0.00,3.96 16:56:08 22/09/18
47,87.30,2.50,1028.72,0.00,3.96 16:56:50 22/09/18
49,87.30,2.35,1028.73,0.00,3.96 16:56:05 22/09/18
50,87.40,2.28,1028.83,0.00,3.97 16:56:19 22/09/18
50,87.40,2.24,1028.82,0.00,3.96 17:01:33 22/09/18
49,87.60,2.16,1028.72,0.00,3.96 16:58:11 22/09/18
47,88.40,2.13,1028.75,0.00,3.96 16:56:16 22/09/18
49,87.50,2.14,1028.77,0.00,3.97 00:49:28 03/11/18
46,88.10,2.07,1028.81,0.00,3.96 00:54:53 03/11/18
47,87.80,2.06,1028.86,0.00,3.96 01:00:05 03/11/18
46,88.20,2.03,1028.71,0.00,3.96 01:05:16 03/11/18
46,88.30,1.96,1028.77,0.00,3.96 01:10:35 03/11/18
47,86.60,2.30,1028.77,0.00,3.96 01:15:43 03/11/18
46,86.40,2.32,1028.77,0.00,3.96 01:20:54 03/11/18
46,89.00,2.11,1028.72,0.00,3.96 01:26:03 03/11/18
45,88.20,2.03,1028.77,0.00,3.96 01:31:31 03/11/18
45,89.40,2.03,1028.77,0.00,3.96 01:36:41 03/11/18
46,88.70,1.96,1028.80,0.00,3.96 01:41:51 03/11/18
41,88.80,1.95,1028.77,0.00,3.96 01:46:61 03/11/18
45,90.00,1.95,1028.74,0.00,3.96 01:52:23 03/11/18
40,88.90,1.94,1028.69,0.00,3.96 01:57:37 03/11/18
42,89.00,1.92,1028.62,0.00,3.96 02:02:51 03/11/18
43,88.60,1.91,1028.61,0.00,3.96 02:08:19 03/11/18
43,89.80,1.92,1028.61,0.00,3.96 02:13:37 03/11/18
43,89.60,1.92,1028.51,0.00,3.96 02:18:54 03/11/18
33,88.40,1.85,1028.42,0.00,3.96 02:24:08 03/11/18
40,88.70,1.84,1028.44,0.00,3.96 02:29:24 03/11/18
43,89.40,1.84,1028.46,0.00,3.96 02:29:37 03/11/18
42,88.80,1.84,1028.54,0.00,3.96 02:34:51 03/11/18
40,89.50,1.83,1028.50,0.00,3.96 02:40:09 03/11/18
44,89.20,1.75,1028.52,0.00,3.96 02:45:44 03/11/18
45,90.30,1.80,1028.49,0.00,3.96 02:51:31 03/11/18
47,89.40,1.81,1028.43,0.00,3.96 02:56:54 03/11/18
45,89.30,1.81,1028.39,0.00,3.96 03:02:31 03/11/18
39,88.90,1.80,1028.41,0.00,3.96 03:07:44 03/11/18
45,89.60,1.75,1028.33,0.00,3.96 03:08:02 03/11/18
40,88.70,1.73,1028.30,0.00,3.96 03:13:11 03/11/18
36,89.50,1.64,1028.31,0.00,3.96 03:18:21 03/11/18
41,89.60,1.63,1028.37,0.00,3.96 03:23:39 03/11/18
34,88.90,1.56,1028.36,0.00,3.96 03:28:50 03/11/18
33,89.30,1.53,1028.34,0.00,3.96 03:33:60 03/11/18
42,90.20,1.47,1028.35,0.00,3.96 03:39:39 03/11/18
39,90.00,1.54,1028.27,0.00,3.96 03:44:53 03/11/18
44,90.30,1.53,1028.30,0.00,3.96 03:45:09 03/11/18
44,90.00,1.52,1028.17,0.00,3.96 03:50:38 03/11/18
37,90.20,1.52,1028.14,0.00,3.96 03:55:47 03/11/18
43,90.50,1.53,1028.16,0.01,3.94 03:55:61 03/11/18
43,90.30,1.45,1028.22,0.00,3.95 04:01:29 03/11/18
44,89.50,1.44,1028.31,0.00,3.96 04:06:59 03/11/18
44,90.10,1.41,1028.32,0.00,3.96 04:12:25 03/11/18
44,90.10,1.34,1028.30,0.00,3.96 04:17:57 03/11/18
45,89.90,1.33,1028.43,0.00,3.96 04:23:31 03/11/18
45,90.20,1.32,1028.43,0.00,3.96 04:28:61 03/11/18
45,90.20,1.31,1028.54,0.00,3.96 04:34:28 03/11/18
44,90.60,1.31,1028.53,0.00,3.96 04:39:42 03/11/18
46,90.30,1.25,1028.54,0.00,3.95 04:45:20 03/11/18
41,89.20,1.64,1028.55,0.00,3.95 04:50:31 03/11/18
39,88.90,1.60,1028.47,0.00,95.00 04:55:41 03/11/18
43,87.80,1.72,1028.47,0.00,3.94 05:00:59 03/11/18
37,87.50,1.61,1028.52,0.00,3.95 05:06:09 03/11/18
36,88.80,1.38,1028.51,0.00,3.96 05:11:19 03/11/18
34,89.70,1.22,1028.57,0.00,3.95 05:16:28 03/11/18
44,90.10,1.21,1028.58,0.00,3.95 05:16:52 03/11/18
45,90.60,1.19,1028.59,0.00,3.95 05:22:28 03/11/18
46,89.90,1.19,1028.62,0.00,3.95 05:27:48 03/11/18
45,91.00,1.12,1028.58,0.00,3.95 05:33:17 03/11/18
46,90.10,1.11,1028.52,0.00,3.95 05:38:59 03/11/18
47,90.20,1.10,1028.43,0.00,3.95 05:44:30 03/11/18
43,90.10,1.03,1028.47,0.00,3.95 05:49:43 03/11/18
45,90.00,0.94,1028.46,0.00,3.95 05:55:07 03/11/18
47,90.00,0.92,1028.40,0.00,3.95 06:00:37 03/11/18
48,90.00,0.91,1028.42,0.00,3.95 06:06:08 03/11/18
47,90.00,0.85,1028.49,0.00,3.95 06:11:25 03/11/18
48,90.30,0.86,1028.52,0.00,3.95 06:11:32 03/11/18
48,90.50,0.83,1028.47,0.00,3.95 06:16:61 03/11/18
49,90.30,0.83,1028.60,0.00,3.95 06:22:32 03/11/18
48,90.50,0.82,1028.53,0.00,3.95 06:27:44 03/11/18
53,90.20,0.81,1028.58,0.00,3.95 06:33:29 03/11/18
60,89.90,0.81,1028.57,0.01,3.95 06:39:02 03/11/18
70,90.40,0.80,1028.57,0.04,3.95 06:44:27 03/11/18
86,90.40,0.74,1028.52,0.12,3.95 06:49:55 03/11/18
119,90.40,0.79,1028.58,0.33,3.95 06:55:16 03/11/18
182,90.70,0.75,1028.65,0.98,3.95 07:00:44 03/11/18
272,90.10,0.75,1028.74,1.93,3.95 07:05:57 03/11/18
389,90.40,0.74,1028.74,3.32,3.95 07:11:14 03/11/18
531,90.10,0.75,1028.74,4.03,3.95 07:16:26 03/11/18
615,90.80,0.75,1028.80,4.08,3.95 07:21:44 03/11/18
616,90.50,0.75,1028.78,4.04,3.95 07:21:46 03/11/18
663,90.80,0.81,1028.92,4.04,3.95 07:27:15 03/11/18
714,90.10,0.83,1028.84,4.02,3.95 07:32:49 03/11/18
755,90.30,0.91,1028.87,4.03,3.95 07:38:12 03/11/18
794,90.70,0.93,1029.00,5.00,3.95 07:43:42 03/11/18
819,91.40,1.02,1028.95,4.77,3.95 07:49:09 03/11/18
841,90.30,1.03,1028.99,4.10,3.95 07:54:27 03/11/18
855,90.20,1.05,1029.07,5.00,3.96 07:59:48 03/11/18
860,90.80,1.13,1028.97,5.00,3.92 08:05:19 03/11/18
867,90.70,1.22,1028.91,5.00,3.96 08:10:42 03/11/18
876,90.60,1.30,1028.96,4.00,3.96 08:16:06 03/11/18
888,90.30,1.34,1029.09,5.00,3.96 08:21:54 03/11/18
903,90.70,1.51,1029.09,4.06,3.96 08:27:28 03/11/18
916,90.60,1.68,1029.02,5.00,3.97 08:33:09 03/11/18
921,90.60,1.82,1028.85,4.11,3.99 08:38:38 03/11/18
927,90.40,2.00,1028.87,4.09,4.00 08:43:57 03/11/18
926,89.50,2.58,1028.89,4.09,4.00 08:49:06 03/11/18
929,89.00,2.79,1028.93,4.14,4.01 08:54:22 03/11/18
918,90.00,2.80,1028.99,4.17,3.99 08:59:36 03/11/18
915,90.00,2.91,1029.01,4.07,3.99 09:04:46 03/11/18
918,89.90,2.94,1028.91,4.09,3.99 09:09:57 03/11/18
923,90.40,3.05,1028.93,4.07,3.99 09:15:14 03/11/18
922,90.20,3.15,1028.96,5.00,4.00 09:20:25 03/11/18
920,90.30,3.19,1028.89,5.00,4.00 09:25:36 03/11/18
920,90.50,3.29,1028.86,5.00,3.99 16:57:14 22/09/18
925,90.40,3.39,1028.87,4.24,4.00 16:58:12 22/09/18
927,89.60,3.88,1028.85,4.07,3.99 09:47:18 03/11/18
926,89.00,3.94,1028.78,4.07,4.00 09:52:33 03/11/18
925,90.00,3.83,1028.79,4.21,4.01 16:56:38 22/09/18
926,89.20,4.72,1028.62,5.00,3.99 17:00:40 22/09/18
924,87.20,5.09,1028.56,5.00,3.99 16:56:06 22/09/18
922,89.00,4.92,1028.51,4.22,3.99 16:56:61 22/09/18
922,90.10,4.73,1028.48,4.12,4.00 17:02:12 22/09/18
921,90.50,4.75,1028.45,5.00,4.00 16:56:19 22/09/18
921,90.80,4.74,1028.44,4.71,4.00 16:56:24 22/09/18
922,90.30,5.19,1028.45,4.04,3.99 17:01:46 22/09/18
921,89.60,5.27,1028.50,5.00,4.00 17:06:57 22/09/18
925,90.10,5.22,1028.51,4.17,3.99 17:12:07 22/09/18
924,90.50,5.24,1028.53,4.11,4.00 17:17:17 22/09/18
927,90.80,5.35,1028.45,5.00,4.00 17:22:28 22/09/18
926,91.40,5.55,1028.58,4.40,4.01 17:27:37 22/09/18
929,90.90,5.66,1028.55,4.68,4.01 17:32:48 22/09/18
929,91.20,5.85,1028.57,4.07,4.01 17:37:59 22/09/18
931,91.00,6.04,1028.55,5.00,4.02 17:43:10 22/09/18
931,90.70,6.23,1028.50,4.34,4.02 17:48:19 22/09/18
931,91.00,6.35,1028.53,5.00,4.02 17:53:29 22/09/18
931,90.80,6.53,1028.42,4.08,4.02 17:58:41 22/09/18
930,90.90,6.67,1028.38,4.08,4.02 18:03:49 22/09/18
930,90.80,6.85,1028.26,5.00,4.03 18:08:61 22/09/18
929,90.80,7.03,1028.22,4.19,4.03 18:14:12 22/09/18
928,90.50,7.16,1028.17,4.24,4.03 18:19:23 22/09/18
920,90.50,7.27,1028.05,5.00,4.03 18:24:38 22/09/18
929,90.70,7.44,1028.06,5.00,4.04 18:29:53 22/09/18
930,91.10,7.56,1027.89,4.13,4.04 18:35:03 22/09/18
931,90.10,8.13,1027.94,4.30,4.03 18:40:17 22/09/18
931,88.60,8.22,1027.89,4.15,4.04 18:45:33 22/09/18
937,90.10,8.19,1027.82,5.00,4.06 18:50:44 22/09/18
941,90.30,8.23,1027.87,4.17,4.07 18:55:53 22/09/18
955,90.50,8.33,1027.66,4.28,4.12 19:01:07 22/09/18
959,90.20,8.45,1027.66,4.29,4.19 19:06:25 22/09/18
960,90.20,8.71,1027.52,5.00,4.21 19:11:33 22/09/18
959,90.20,9.04,1027.44,5.00,4.21 19:16:45 22/09/18
961,90.20,9.43,1027.35,5.00,4.22 19:22:04 22/09/18
951,89.60,9.80,1027.25,5.00,4.15 19:27:16 22/09/18
959,89.40,9.99,1027.13,5.00,4.11 19:32:26 22/09/18
955,89.20,10.11,1027.06,5.00,4.10 19:37:36 22/09/18
953,88.60,10.13,1026.95,5.00,4.08 19:42:48 22/09/18
959,88.80,10.19,1026.88,5.00,4.07 19:47:60 22/09/18
959,89.20,10.30,1026.79,5.00,4.07 19:53:10 22/09/18
958,89.50,10.41,1026.71,4.21,4.12 19:58:34 22/09/18
955,88.90,10.58,1026.65,4.61,4.21 20:03:49 22/09/18
955,88.30,10.72,1026.66,5.00,4.15 20:08:61 22/09/18
956,88.20,10.81,1026.59,5.00,4.12 20:14:12 22/09/18
955,88.20,10.83,1026.52,5.00,4.10 20:19:22 22/09/18
953,88.50,10.89,1026.52,5.00,4.09 20:24:40 22/09/18
954,87.40,10.90,1026.30,5.00,4.09 20:29:52 22/09/18
953,85.50,10.89,1026.28,5.00,4.08 20:35:02 22/09/18
952,87.80,10.89,1026.12,5.00,4.07 20:40:16 22/09/18
948,87.70,10.90,1026.06,5.00,4.07 20:45:25 22/09/18
946,87.30,10.89,1026.06,4.21,4.10 20:50:37 22/09/18
942,87.00,10.84,1025.97,4.28,4.19 20:55:48 22/09/18
939,87.00,10.84,1025.85,5.00,4.15 21:00:59 22/09/18
936,86.70,10.75,1025.80,5.00,4.12 21:06:11 22/09/18
932,87.40,10.65,1025.83,5.00,4.11 21:11:22 22/09/18
929,87.10,10.55,1025.70,5.00,4.10 21:16:36 22/09/18
925,87.30,10.45,1025.68,5.00,4.09 21:21:52 22/09/18
920,86.70,10.36,1025.72,5.00,4.09 21:27:03 22/09/18
916,86.80,10.27,1025.63,5.00,4.08 21:32:13 22/09/18
916,86.80,10.18,1025.61,5.00,4.07 21:37:24 22/09/18
911,86.40,10.09,1025.56,5.00,4.07 21:42:39 22/09/18
909,85.30,10.07,1025.55,5.00,4.07 21:47:56 22/09/18
905,85.80,9.97,1025.48,5.00,4.07 21:53:07 22/09/18
901,85.90,9.89,1025.40,5.00,4.09 21:58:18 22/09/18
899,86.90,9.81,1025.36,5.00,4.09 22:03:31 22/09/18
895,85.40,10.12,1025.33,5.00,4.07 22:08:47 22/09/18
892,85.50,10.08,1025.28,4.16,4.08 22:13:57 22/09/18
887,86.90,9.86,1025.24,5.00,4.08 22:19:07 22/09/18
884,85.30,10.04,1025.14,4.87,4.06 22:24:21 22/09/18
880,85.30,9.98,1024.99,4.23,4.06 22:29:34 22/09/18
874,86.50,9.69,1024.90,4.22,4.06 22:34:54 22/09/18
866,87.40,9.58,1024.79,4.83,4.06 22:40:08 22/09/18
857,87.20,9.47,1024.80,4.14,4.06 22:45:22 22/09/18
855,87.50,9.31,1024.78,5.00,4.06 22:50:32 22/09/18
839,86.50,9.22,1024.69,5.00,4.06 22:55:42 22/09/18
824,86.60,9.11,1024.68,5.00,4.06 23:00:57 22/09/18
801,85.90,8.94,1024.61,4.38,4.06 23:06:13 22/09/18
777,84.30,9.09,1024.54,5.00,4.04 23:11:23 22/09/18
757,83.50,8.90,1024.50,4.78,4.04 23:16:35 22/09/18
716,84.40,8.52,1024.45,4.56,4.04 23:21:45 22/09/18
670,85.00,8.24,1024.33,4.11,4.04 23:26:57 22/09/18
622,85.00,8.05,1024.37,4.14,4.04 23:32:06 22/09/18
572,84.90,7.84,1024.34,4.14,4.04 23:37:15 22/09/18
508,85.60,7.64,1024.25,4.05,4.04 23:42:27 22/09/18
390,85.10,7.44,1024.29,2.95,4.04 23:47:39 22/09/18
301,85.30,7.24,1024.27,2.58,4.04 23:52:50 22/09/18
193,85.50,7.06,1024.26,1.23,4.03 23:57:61 22/09/18
87,93.70,13.08,1000.47,0.00,3.96 16:57:09 22/09/18
84,93.80,12.99,1000.43,0.00,3.96 16:58:31 22/09/18
73,94.20,12.96,1000.57,0.00,3.95 16:56:11 22/09/18
75,94.00,12.95,1000.61,0.00,3.95 18:14:35 10/11/18
79,93.60,12.89,1000.62,0.00,3.96 18:19:51 10/11/18
78,93.50,12.85,1000.61,0.00,3.96 18:25:06 10/11/18
86,93.40,12.78,1000.79,0.00,3.96 18:30:23 10/11/18
88,93.70,12.69,1000.71,0.00,3.96 18:35:33 10/11/18
80,94.00,12.60,1000.64,0.00,3.96 18:40:57 10/11/18
86,93.90,12.60,1000.75,0.00,3.96 18:46:13 10/11/18
80,94.10,12.58,1000.50,0.00,3.96 18:51:26 10/11/18
78,93.10,12.92,1000.51,0.00,3.94 18:56:48 10/11/18
83,92.50,12.93,1000.67,0.00,3.95 19:02:03 10/11/18
81,93.10,12.72,1000.76,0.00,3.95 19:07:15 10/11/18
83,93.60,12.58,1000.83,0.00,3.95 19:12:27 10/11/18
86,93.00,12.84,1000.76,0.00,3.94 19:17:37 10/11/18
81,92.70,12.85,1000.75,0.00,3.95 19:22:50 10/11/18
80,93.20,12.70,1000.81,0.00,3.95 19:27:61 10/11/18
81,93.30,12.56,1000.82,0.00,3.95 19:33:11 10/11/18
81,93.50,12.53,1000.84,0.00,3.95 19:38:22 10/11/18
81,93.40,12.45,1000.80,0.00,3.95 19:43:35 10/11/18
83,93.30,12.43,1000.85,0.00,3.95 19:48:44 10/11/18
82,93.70,12.36,1000.80,0.00,3.95 19:53:56 10/11/18
75,94.00,12.35,1000.84,0.00,3.95 19:59:19 10/11/18
86,93.90,12.34,1000.88,0.00,3.95 20:04:35 10/11/18
80,93.50,12.27,1000.92,0.00,3.95 20:09:53 10/11/18
87,93.50,12.33,1000.84,0.00,3.95 20:15:06 10/11/18
88,94.40,12.35,1000.90,0.00,3.94 20:20:18 10/11/18
92,94.50,12.36,1000.92,0.00,3.95 20:25:27 10/11/18
85,94.60,12.44,1000.96,0.00,3.95 20:30:41 10/11/18
80,94.00,12.47,1000.93,0.00,3.94 20:35:55 10/11/18
85,94.40,12.53,1000.93,0.00,3.95 20:41:11 10/11/18
75,93.80,12.54,1000.91,0.00,3.95 20:46:24 10/11/18
78,93.80,12.53,1000.98,0.00,3.94 20:51:34 10/11/18
84,93.70,12.52,1001.03,0.00,3.94 20:56:45 10/11/18
76,94.00,12.47,1001.03,0.00,3.94 21:02:09 10/11/18
78,93.80,12.51,1001.05,0.00,3.94 21:07:25 10/11/18
90,94.40,12.47,1001.11,0.00,3.94 21:12:33 10/11/18
84,94.20,12.47,1001.07,0.00,3.94 21:17:48 10/11/18
72,94.40,12.53,1001.08,0.00,3.94 21:23:05 10/11/18
74,94.20,12.55,1001.15,0.00,3.94 21:28:18 10/11/18
70,94.10,12.55,1001.19,0.00,3.94 21:33:29 10/11/18
73,93.80,12.53,1001.17,0.00,3.94 21:38:41 10/11/18
70,94.40,12.52,1001.27,0.00,3.94 21:44:05 10/11/18
69,94.00,12.52,1001.15,0.00,3.94 21:49:31 10/11/18
77,94.40,12.53,1001.20,0.00,3.94 21:54:48 10/11/18
73,94.10,12.53,1001.22,0.00,3.94 21:59:61 10/11/18
76,94.10,12.55,1001.19,0.00,3.94 22:05:10 10/11/18
76,94.10,12.54,1001.20,0.00,3.94 22:10:23 10/11/18
76,94.00,12.53,1001.27,0.00,3.94 22:15:34 10/11/18
79,94.00,12.53,1001.37,0.00,3.94 22:20:44 10/11/18
79,94.00,12.52,1001.30,0.00,3.94 22:25:56 10/11/18
77,93.20,12.80,1001.33,0.00,3.93 22:31:07 10/11/18
75,93.20,12.76,1001.36,0.00,3.93 22:36:18 10/11/18
81,93.70,12.61,1001.45,0.00,3.94 22:41:28 10/11/18
82,93.70,12.54,1001.48,0.00,3.94 22:46:41 10/11/18
86,93.80,12.53,1001.46,0.00,3.94 22:51:49 10/11/18
83,93.70,12.51,1001.43,0.00,3.94 22:57:01 10/11/18
66,93.90,12.47,1001.38,0.00,3.94 23:02:18 10/11/18
66,93.80,12.45,1001.42,0.00,3.94 23:07:35 10/11/18
66,93.80,12.36,1001.38,0.00,3.94 23:12:45 10/11/18
65,93.70,12.26,1001.34,0.00,3.93 23:17:56 10/11/18
67,93.90,12.17,1001.41,0.00,3.94 23:23:08 10/11/18
67,93.70,12.07,1001.41,0.00,3.94 23:28:19 10/11/18
69,92.80,12.30,1001.42,0.00,3.93 23:33:29 10/11/18
67,92.90,12.24,1001.45,0.00,3.93 23:38:41 10/11/18
68,93.50,12.02,1001.45,0.00,3.93 23:43:53 10/11/18
69,93.70,11.93,1001.51,0.00,3.93 23:49:02 10/11/18
67,93.80,11.86,1001.54,0.00,3.93 23:54:15 10/11/18
69,93.90,11.79,1001.51,0.00,3.93 23:59:27 10/11/18
903,91.40,13.74,1004.69,3.99,3.94 16:56:17 22/09/18
899,90.20,14.16,1004.72,4.40,3.93 17:01:46 22/09/18
901,90.10,14.15,1004.72,5.00,3.94 17:00:51 22/09/18
909,90.40,13.94,1004.72,5.00,3.94 17:06:02 22/09/18
908,91.10,13.92,1004.73,5.00,3.94 17:11:14 22/09/18
904,90.90,13.91,1004.67,4.03,3.94 12:25:61 11/11/18
915,90.50,13.84,1004.71,4.92,3.94 12:31:12 11/11/18
903,90.80,13.84,1004.83,3.99,3.94 12:36:23 11/11/18
909,90.90,13.90,1004.69,5.00,3.94 12:41:38 11/11/18
906,90.70,13.91,1004.62,3.99,3.94 12:46:53 11/11/18
918,90.70,13.92,1004.67,4.15,3.94 12:52:11 11/11/18
896,90.60,13.93,1004.69,4.03,3.94 12:57:27 11/11/18
894,90.10,13.93,1004.77,4.01,3.94 13:02:45 11/11/18
882,90.20,13.92,1004.95,5.00,3.94 13:07:55 11/11/18
908,90.40,13.92,1004.90,4.33,3.94 13:13:08 11/11/18
897,90.90,13.93,1004.86,4.83,3.94 13:18:18 11/11/18
894,90.70,13.93,1004.79,5.00,3.94 13:23:31 11/11/18
895,90.60,13.94,1004.85,4.47,3.94 13:28:42 11/11/18
899,90.30,13.93,1004.77,5.00,3.94 13:33:54 11/11/18
906,90.80,13.93,1004.82,4.86,3.94 13:39:06 11/11/18
905,89.40,14.28,1005.03,5.00,3.93 13:44:26 11/11/18
889,90.00,14.27,1005.14,5.00,3.94 13:49:34 11/11/18
895,90.20,14.11,1005.19,5.00,3.94 13:54:48 11/11/18
889,90.80,14.04,1005.12,4.07,3.94 13:59:61 11/11/18
831,91.00,13.97,1005.18,4.87,3.94 14:05:18 11/11/18
886,91.10,13.86,1004.93,4.59,3.93 14:10:35 11/11/18
854,91.30,13.84,1004.87,5.00,3.93 14:15:49 11/11/18
853,91.40,13.82,1005.02,4.06,3.93 14:21:02 11/11/18
833,91.50,13.74,1004.97,5.00,3.93 14:26:18 11/11/18
863,91.50,13.73,1005.13,4.51,3.93 14:31:34 11/11/18
848,91.60,13.65,1005.13,4.86,3.93 14:36:45 11/11/18
868,91.70,13.64,1005.25,4.58,3.93 14:41:56 11/11/18
825,91.80,13.57,1005.11,5.00,3.93 14:47:11 11/11/18
835,91.00,13.89,1005.17,3.99,3.93 14:52:25 11/11/18
816,91.30,13.83,1005.26,4.42,3.93 14:57:38 11/11/18
850,91.80,13.61,1005.47,4.57,3.93 15:02:51 11/11/18
825,91.80,13.47,1005.42,5.00,3.93 15:07:61 11/11/18
799,92.40,13.39,1005.25,5.00,3.93 15:13:13 11/11/18
710,92.50,13.30,1005.34,4.16,3.93 15:18:24 11/11/18
859,92.70,13.26,1005.16,5.00,3.93 15:23:35 11/11/18
818,92.30,13.23,1005.21,4.54,3.93 15:28:45 11/11/18
841,92.30,13.16,1005.13,4.07,3.93 15:33:58 11/11/18
831,92.70,13.14,1005.71,4.44,3.93 15:39:11 11/11/18
737,91.90,13.40,1005.83,4.38,3.92 15:44:29 11/11/18
796,91.80,13.35,1005.91,4.17,3.92 15:49:42 11/11/18
727,92.60,13.14,1006.08,4.09,3.92 15:55:09 11/11/18
749,92.40,13.05,1006.04,4.03,3.92 16:00:21 11/11/18
739,92.80,12.89,1006.09,4.33,3.92 16:05:31 11/11/18
718,92.60,12.85,1006.31,4.09,3.92 16:10:43 11/11/18
755,92.40,12.76,1006.23,4.67,3.92 16:15:52 11/11/18
727,92.30,12.73,1006.28,4.14,3.92 16:21:04 11/11/18
652,92.70,12.65,1006.24,3.99,3.92 16:26:17 11/11/18
671,92.60,12.58,1006.13,4.01,3.92 16:31:27 11/11/18
503,92.70,12.56,1006.08,3.45,3.92 16:36:42 11/11/18
565,92.60,12.56,1006.08,3.93,3.92 16:41:58 11/11/18
499,92.50,12.55,1006.22,3.53,3.92 16:47:09 11/11/18
419,92.60,12.53,1006.17,2.69,3.92 16:52:21 11/11/18
362,92.60,12.47,1006.14,2.17,3.92 16:57:32 11/11/18
304,92.50,12.45,1006.22,1.94,3.92 17:02:41 11/11/18
338,92.60,12.44,1006.05,1.95,3.92 17:07:55 11/11/18
184,92.50,12.43,1006.13,0.85,3.92 17:13:06 11/11/18
130,93.10,12.38,1006.05,0.37,3.92 17:18:17 11/11/18
104,92.80,12.36,1006.12,0.17,3.92 17:23:27 11/11/18
86,92.70,12.35,1006.23,0.07,3.92 17:28:46 11/11/18
77,92.00,12.61,1006.17,0.01,3.91 17:33:59 11/11/18
73,91.90,12.58,1006.31,0.00,3.92 17:39:11 11/11/18
70,92.70,12.43,1006.34,0.00,3.91 17:44:31 11/11/18
75,92.40,12.41,1006.40,0.00,3.92 17:49:41 11/11/18
75,92.70,12.33,1006.47,0.00,3.91 17:54:53 11/11/18
74,92.80,12.32,1006.43,0.00,3.91 18:00:04 11/11/18
75,92.90,12.33,1006.48,0.00,3.91 18:05:13 11/11/18
78,93.00,12.33,1006.48,0.00,3.92 18:10:26 11/11/18
81,93.10,12.34,1006.59,0.00,3.91 18:15:35 11/11/18
78,92.90,12.35,1006.63,0.00,3.91 18:20:49 11/11/18
80,92.10,12.68,1006.63,0.00,3.91 18:25:61 11/11/18
67,92.60,12.66,1006.53,0.00,3.90 18:31:61 11/11/18
77,92.40,12.67,1006.68,0.00,3.91 18:37:12 11/11/18
76,92.70,12.52,1006.80,0.00,3.91 18:42:29 11/11/18
81,94.00,12.47,1007.07,0.00,3.91 18:47:44 11/11/18
84,93.20,12.45,1007.10,0.00,3.91 18:52:53 11/11/18
76,94.10,12.40,1007.28,0.00,3.91 18:58:16 11/11/18
84,93.10,12.45,1007.51,0.00,3.91 19:03:34 11/11/18
83,93.20,12.43,1007.61,0.00,3.91 19:08:45 11/11/18
81,93.00,12.43,1007.69,0.00,3.91 19:13:57 11/11/18
82,93.30,12.38,1007.87,0.00,3.91 19:19:07 11/11/18
81,93.40,12.36,1007.96,0.00,3.91 19:24:19 11/11/18
81,93.40,12.35,1008.03,0.00,3.91 19:29:29 11/11/18
80,93.40,12.35,1008.04,0.00,3.91 19:34:41 11/11/18
79,93.40,12.35,1007.79,0.00,3.91 19:39:52 11/11/18
78,93.30,12.34,1007.79,0.00,3.91 19:45:03 11/11/18
76,93.10,12.34,1007.98,0.00,3.91 19:50:15 11/11/18
78,93.00,12.33,1007.95,0.00,3.91 19:55:31 11/11/18
77,93.00,12.27,1007.89,0.00,3.91 20:00:46 11/11/18
80,93.20,12.31,1008.02,0.00,3.91 20:05:58 11/11/18
82,92.40,12.57,1008.21,0.00,3.90 20:11:08 11/11/18
75,92.70,12.55,1008.14,0.00,3.90 20:16:32 11/11/18
78,92.50,12.41,1008.26,0.00,3.90 20:21:47 11/11/18
74,92.90,12.33,1008.34,0.00,3.90 20:26:57 11/11/18
77,93.10,12.27,1008.53,0.00,3.90 20:32:11 11/11/18
78,93.10,12.25,1008.70,0.00,3.90 20:37:21 11/11/18
74,93.40,12.25,1008.59,0.00,3.90 20:42:32 11/11/18
76,93.10,12.24,1008.76,0.00,3.90 20:47:44 11/11/18
75,93.10,12.22,1008.67,0.00,3.90 20:52:55 11/11/18
76,93.10,12.16,1008.62,0.00,3.90 20:58:06 11/11/18
75,93.30,12.16,1008.87,0.00,3.90 21:03:16 11/11/18
72,93.60,12.15,1009.07,0.00,3.90 21:08:34 11/11/18
71,93.00,12.15,1009.08,0.00,3.90 21:13:52 11/11/18
76,93.10,12.14,1009.21,0.00,3.90 21:19:07 11/11/18
77,93.10,12.07,1009.29,0.00,3.90 21:24:21 11/11/18
75,92.10,12.47,1009.17,0.00,3.89 21:29:38 11/11/18
70,92.30,12.42,1009.21,0.00,3.89 21:34:51 11/11/18
70,92.00,12.55,1009.42,0.00,3.88 21:39:61 11/11/18
70,92.10,12.43,1009.35,0.00,3.89 21:45:12 11/11/18
70,92.70,12.20,1009.32,0.00,3.89 21:50:24 11/11/18
72,92.90,12.06,1009.60,0.00,3.89 21:55:34 11/11/18
68,93.20,11.97,1009.76,0.00,3.89 22:00:51 11/11/18
73,92.20,12.28,1009.89,0.00,3.88 22:06:05 11/11/18
72,92.10,12.23,1009.59,0.00,3.88 22:11:18 11/11/18
73,91.90,12.27,1009.76,0.00,3.87 22:16:27 11/11/18
72,92.20,12.15,1009.97,0.00,3.88 22:21:42 11/11/18
74,92.60,11.93,1009.79,0.00,3.88 22:26:59 11/11/18
75,92.80,11.81,1009.54,0.00,3.88 22:32:09 11/11/18
74,92.90,11.66,1009.69,0.00,3.88 22:37:19 11/11/18
74,93.10,11.57,1009.87,0.00,3.88 22:42:31 11/11/18
72,93.20,11.56,1009.97,0.00,3.88 22:47:43 11/11/18
75,93.20,11.55,1009.95,0.00,3.88 22:52:54 11/11/18
77,93.30,11.53,1009.95,0.00,3.88 22:58:03 11/11/18
76,93.50,11.48,1010.22,0.00,3.87 23:03:16 11/11/18
66,93.70,11.48,1010.16,0.00,3.88 23:08:38 11/11/18
72,93.40,11.54,1010.21,0.00,3.88 23:13:55 11/11/18
71,93.60,11.53,1010.16,0.00,3.88 23:19:05 11/11/18
64,93.70,11.47,1010.17,0.00,3.87 23:24:26 11/11/18
69,93.10,11.46,1010.24,0.00,3.87 23:29:37 11/11/18
74,93.10,11.44,1010.07,0.00,3.87 23:34:48 11/11/18
73,93.30,11.36,1010.19,0.00,3.87 23:39:61 11/11/18
74,93.20,11.33,1010.28,0.00,3.87 23:45:19 11/11/18
73,93.30,11.27,1010.40,0.00,3.87 23:50:31 11/11/18
71,92.60,11.59,1010.47,0.00,3.86 23:55:41 11/11/18
