53,90.80,11.33,1007.75,0.00,4.05 00:05:04 29/09/18
56,90.70,11.25,1007.73,0.00,4.05 00:10:16 29/09/18
55,90.80,11.23,1007.70,0.00,4.05 00:15:27 29/09/18
52,90.80,11.21,1007.74,0.00,4.05 00:20:36 29/09/18
54,90.90,11.13,1007.59,0.00,4.04 00:25:48 29/09/18
53,90.90,11.11,1007.50,0.00,4.04 00:30:61 29/09/18
55,90.00,11.37,1007.47,0.00,4.03 00:36:10 29/09/18
55,90.00,11.32,1007.46,0.00,4.04 00:41:22 29/09/18
56,90.70,11.16,1007.45,0.00,4.03 00:46:33 29/09/18
56,90.80,11.09,1007.48,0.00,4.03 00:51:44 29/09/18
56,90.90,11.01,1007.51,0.00,4.03 00:56:55 29/09/18
55,90.80,10.95,1007.55,0.00,4.03 01:02:07 29/09/18
56,90.80,10.93,1007.40,0.00,4.03 01:07:21 29/09/18
56,90.10,11.17,1007.17,0.00,4.02 01:12:35 29/09/18
56,90.00,11.13,1007.18,0.00,4.02 01:17:48 29/09/18
57,90.50,10.97,1007.12,0.00,4.02 01:22:59 29/09/18
57,90.80,10.82,1007.08,0.00,4.02 01:28:11 29/09/18
58,90.90,10.80,1007.04,0.00,4.02 01:33:22 29/09/18
58,90.90,10.72,1007.12,0.00,4.02 01:38:31 29/09/18
57,90.90,10.65,1007.13,0.00,4.02 01:43:42 29/09/18
57,91.10,10.63,1007.16,0.00,4.02 01:48:53 29/09/18
57,91.00,10.56,1007.18,0.00,4.02 01:54:08 29/09/18
56,91.10,10.53,1007.21,0.00,4.02 01:59:24 29/09/18
55,90.90,10.44,1007.11,0.00,4.02 02:04:35 29/09/18
55,90.90,10.36,1007.07,0.00,4.02 02:09:46 29/09/18
54,91.10,10.27,1007.04,0.00,4.02 02:14:57 29/09/18
54,91.00,10.24,1006.98,0.00,4.02 02:20:08 29/09/18
54,91.10,10.16,1006.93,0.00,4.01 02:25:20 29/09/18
54,91.30,10.15,1006.93,0.00,4.02 02:30:31 29/09/18
54,91.40,10.13,1006.78,0.00,4.02 02:35:41 29/09/18
55,91.30,10.12,1006.68,0.00,4.01 02:40:53 29/09/18
51,91.10,10.05,1006.61,0.00,4.02 02:45:61 29/09/18
54,91.10,10.03,1006.46,0.00,4.01 02:51:14 29/09/18
55,91.10,10.01,1006.31,0.00,4.01 02:56:26 29/09/18
58,91.20,9.97,1006.24,0.00,4.01 03:01:43 29/09/18
58,91.10,10.01,1006.10,0.00,4.01 03:06:56 29/09/18
55,91.30,9.95,1006.01,0.00,4.01 03:12:05 29/09/18
55,91.50,9.95,1005.94,0.00,4.01 03:17:17 29/09/18
55,91.40,9.95,1005.90,0.00,4.01 03:22:29 29/09/18
52,91.40,10.00,1005.76,0.00,4.01 03:27:37 29/09/18
57,91.80,10.01,1005.71,0.00,4.01 03:32:54 29/09/18
56,92.00,10.09,1005.56,0.00,4.01 03:38:11 29/09/18
54,91.70,10.11,1005.38,0.00,4.01 03:43:29 29/09/18
55,92.20,10.21,1005.22,0.00,4.01 03:48:41 29/09/18
53,92.30,10.31,1005.24,0.00,4.01 03:53:60 29/09/18
53,92.20,10.34,1005.08,0.00,4.01 03:59:08 29/09/18
58,92.10,10.43,1005.05,0.00,4.01 04:04:24 29/09/18
57,92.20,10.53,1004.84,0.00,4.01 04:09:41 29/09/18
58,92.40,10.62,1004.74,0.00,4.01 04:15:04 29/09/18
62,91.50,11.03,1004.64,0.00,4.00 04:20:20 29/09/18
58,91.50,11.03,1004.60,0.00,4.00 04:25:30 29/09/18
59,91.90,10.98,1004.60,0.00,4.00 04:30:44 29/09/18
59,92.40,10.98,1004.41,0.00,4.00 04:36:04 29/09/18
59,92.30,11.00,1004.43,0.00,4.00 04:41:20 29/09/18
61,92.40,11.01,1004.31,0.00,4.00 04:46:31 29/09/18
59,92.50,11.02,1004.24,0.00,4.00 04:51:41 29/09/18
59,92.40,11.04,1004.13,0.00,4.00 04:56:53 29/09/18
59,92.30,11.09,1004.07,0.00,4.00 05:02:05 29/09/18
55,92.30,11.09,1004.09,0.00,4.00 05:07:13 29/09/18
54,92.20,11.03,1004.10,0.00,4.00 05:12:24 29/09/18
58,92.10,11.01,1004.16,0.00,4.00 05:17:39 29/09/18
58,92.00,10.95,1004.11,0.00,4.00 05:22:49 29/09/18
57,92.00,10.91,1004.00,0.00,4.00 05:27:58 29/09/18
59,91.90,10.82,1003.95,0.00,4.00 05:33:15 29/09/18
57,91.90,10.81,1003.88,0.00,4.00 05:38:31 29/09/18
59,92.20,10.74,1003.78,0.00,4.00 05:43:42 29/09/18
60,91.80,11.15,1003.80,0.00,3.99 05:48:57 29/09/18
61,91.70,11.14,1003.62,0.00,3.99 05:54:13 29/09/18
62,92.20,11.00,1003.47,0.00,3.99 05:59:23 29/09/18
62,92.60,11.01,1003.44,0.00,4.00 06:04:35 29/09/18
63,93.00,11.03,1003.26,0.00,3.99 06:09:58 29/09/18
68,93.10,11.18,1003.22,0.00,3.99 06:15:14 29/09/18
66,93.20,11.23,1003.15,0.00,3.99 06:20:23 29/09/18
64,92.90,11.31,1003.08,0.00,3.99 06:25:35 29/09/18
66,92.60,11.32,1003.04,0.00,3.99 06:30:46 29/09/18
68,92.40,11.32,1002.93,0.00,3.99 06:35:61 29/09/18
70,92.70,11.33,1002.92,0.00,3.99 06:41:17 29/09/18
68,92.90,11.33,1002.79,0.00,3.99 06:46:40 29/09/18
73,92.70,11.40,1002.64,0.00,3.99 06:51:57 29/09/18
70,92.70,11.41,1002.47,0.00,3.99 06:57:07 29/09/18
69,91.90,11.82,1002.35,0.00,3.98 07:02:19 29/09/18
68,91.80,11.83,1002.19,0.00,3.99 07:07:28 29/09/18
69,92.10,11.69,1002.25,0.00,3.99 07:12:40 29/09/18
67,92.30,11.63,1002.19,0.00,3.99 07:17:54 29/09/18
69,92.50,11.63,1002.05,0.00,3.99 07:23:04 29/09/18
70,92.60,11.64,1002.07,0.00,3.99 07:28:18 29/09/18
70,92.60,11.70,1001.93,0.00,3.99 07:33:38 29/09/18
72,92.60,11.72,1001.88,0.00,3.99 07:38:55 29/09/18
70,92.40,11.80,1001.80,0.00,3.99 07:44:06 29/09/18
69,91.70,12.14,1001.67,0.00,3.98 07:49:17 29/09/18
71,91.50,12.11,1001.47,0.00,3.98 07:54:36 29/09/18
71,91.90,11.98,1001.43,0.00,3.99 07:59:48 29/09/18
69,92.20,11.91,1001.28,0.00,3.99 08:04:59 29/09/18
70,92.20,11.91,1001.16,0.00,3.99 08:10:10 29/09/18
70,92.20,11.90,1000.98,0.00,3.99 08:15:21 29/09/18
72,92.10,11.90,1000.92,0.00,3.99 08:20:31 29/09/18
71,92.30,11.90,1000.88,0.00,3.99 08:25:41 29/09/18
70,92.10,11.90,1000.86,0.00,3.99 08:30:54 29/09/18
69,92.10,11.91,1000.79,0.00,3.99 08:36:05 29/09/18
73,92.20,11.92,1000.68,0.00,3.99 08:41:16 29/09/18
72,92.20,11.93,1000.63,0.00,3.99 08:46:26 29/09/18
71,92.20,12.00,1000.63,0.00,3.99 08:51:39 29/09/18
72,92.20,12.00,1000.51,0.00,3.98 08:56:49 29/09/18
72,92.20,12.02,1000.53,0.00,3.98 09:02:01 29/09/18
72,92.10,12.03,1000.35,0.00,3.99 09:07:12 29/09/18
72,92.10,12.09,1000.31,0.00,3.98 09:12:24 29/09/18
70,92.10,12.09,1000.21,0.00,3.98 09:17:35 29/09/18
71,92.10,12.11,1000.00,0.00,3.98 09:22:45 29/09/18
71,92.30,12.18,9998.80,0.00,0.98 09:27:57 29/09/18
70,92.20,12.22,9997.80,0.00,0.98 09:33:08 29/09/18
72,92.10,12.24,9996.70,0.00,0.98 09:38:20 29/09/18
71,92.10,12.30,9996.80,0.00,0.98 09:43:34 29/09/18
79,92.20,12.32,9998.10,0.00,0.98 09:48:48 29/09/18
74,92.20,12.38,9995.80,0.00,0.98 09:53:59 29/09/18
73,92.20,12.40,9996.10,0.00,0.98 09:59:13 29/09/18
72,92.20,12.41,9995.60,0.00,0.98 10:04:25 29/09/18
70,92.30,12.49,9995.70,0.00,0.98 10:09:34 29/09/18
73,92.60,12.52,9996.10,0.00,0.98 10:14:53 29/09/18
76,92.10,12.60,9994.70,0.00,0.98 10:20:08 29/09/18
76,91.40,12.93,9994.80,0.00,0.98 10:25:17 29/09/18
75,91.30,12.94,9994.40,0.00,0.98 10:30:29 29/09/18
74,91.70,12.86,9994.00,0.00,0.98 10:35:40 29/09/18
78,91.90,12.81,9995.70,0.00,0.98 10:40:51 29/09/18
78,92.00,12.80,9996.80,0.00,0.98 10:46:02 29/09/18
74,92.00,12.75,9998.20,0.00,0.98 10:51:12 29/09/18
76,91.90,12.73,9997.80,0.00,0.98 10:56:24 29/09/18
75,92.50,12.71,9999.30,0.00,0.98 11:01:37 29/09/18
73,92.40,12.65,9999.90,0.00,0.98 11:06:49 29/09/18
73,92.70,12.64,1000.02,0.00,3.98 11:11:60 29/09/18
73,93.00,12.57,9999.50,0.00,0.98 11:17:11 29/09/18
72,92.90,12.55,1000.03,0.00,3.98 11:22:22 29/09/18
71,93.10,12.55,1000.02,0.00,3.98 11:27:33 29/09/18
70,92.90,12.52,9999.50,0.00,0.98 11:32:44 29/09/18
69,92.90,12.45,9998.50,0.00,0.98 11:37:60 29/09/18
72,93.20,12.46,9998.10,0.00,0.98 11:43:15 29/09/18
72,93.30,12.47,9999.60,0.00,0.98 11:48:26 29/09/18
72,93.20,12.46,9999.20,0.00,0.98 11:53:39 29/09/18
74,93.60,12.48,9999.40,0.00,0.98 11:58:50 29/09/18
78,93.50,12.53,1000.01,0.01,3.98 12:03:61 29/09/18
86,93.60,12.53,1000.07,0.04,3.98 12:09:13 29/09/18
104,93.50,12.54,1000.03,0.11,3.98 12:14:27 29/09/18
106,94.10,12.56,1000.05,0.12,3.98 12:19:59 29/09/18
155,93.60,12.64,1000.23,0.35,3.98 12:25:11 29/09/18
203,93.70,12.65,1000.24,0.79,3.98 12:30:23 29/09/18
236,93.60,12.65,1000.28,1.06,3.98 12:35:32 29/09/18
296,93.50,12.65,1000.35,1.47,3.98 12:40:48 29/09/18
375,92.60,13.06,1000.43,2.15,3.97 12:46:02 29/09/18
445,92.70,13.03,1000.44,2.68,3.98 12:51:18 29/09/18
522,92.20,13.22,1000.55,3.37,3.97 12:56:41 29/09/18
497,91.80,13.13,1000.63,3.15,3.97 13:01:59 29/09/18
540,92.80,12.92,1000.60,3.57,3.97 13:07:15 29/09/18
586,92.90,12.83,1000.62,3.98,3.98 13:12:25 29/09/18
665,93.10,12.81,1000.60,4.07,3.98 13:17:37 29/09/18
695,92.90,12.74,1000.70,4.05,3.97 13:22:49 29/09/18
701,93.00,12.75,1000.83,4.09,3.97 13:28:05 29/09/18
715,93.10,12.75,1000.89,4.14,3.98 13:33:21 29/09/18
752,93.10,12.75,1000.94,4.35,3.98 13:38:31 29/09/18
767,93.20,12.76,1000.94,4.67,3.97 13:43:42 29/09/18
768,93.30,12.81,1001.04,4.31,3.98 13:48:53 29/09/18
800,93.10,12.82,1001.07,4.04,3.98 13:54:07 29/09/18
814,92.20,13.10,1000.93,4.29,3.97 13:59:16 29/09/18
783,92.00,13.14,1001.08,4.20,3.97 14:04:26 29/09/18
801,92.70,12.94,1001.05,5.00,3.98 14:09:41 29/09/18
818,92.80,12.92,1001.00,5.00,3.98 14:14:60 29/09/18
822,92.70,12.92,1001.09,4.53,3.97 14:20:11 29/09/18
874,92.90,12.92,1001.00,5.00,3.98 14:25:22 29/09/18
842,93.10,12.93,1001.18,4.36,3.98 14:30:33 29/09/18
833,92.90,12.93,1001.34,4.50,3.98 14:35:45 29/09/18
815,92.80,12.95,1001.50,4.69,3.98 14:40:53 29/09/18
824,93.20,12.95,1001.42,4.16,3.97 14:46:19 29/09/18
811,92.80,12.97,1001.46,4.87,3.97 14:51:34 29/09/18
822,92.80,12.97,1001.38,5.00,3.98 14:56:45 29/09/18
826,92.70,12.96,1001.30,4.31,3.98 15:01:58 29/09/18
839,92.80,12.97,1001.33,4.29,3.98 15:07:09 29/09/18
866,92.70,13.01,1001.30,4.95,3.98 15:12:25 29/09/18
880,92.70,13.03,1001.44,5.00,3.98 15:17:41 29/09/18
875,92.70,13.04,1001.54,5.00,3.98 15:22:52 29/09/18
890,92.70,13.05,1001.46,5.00,3.98 15:28:04 29/09/18
892,93.10,13.13,1001.47,5.00,3.98 15:33:27 29/09/18
906,92.70,13.21,1001.49,5.00,3.98 15:38:43 29/09/18
902,92.60,13.23,1001.43,5.00,3.98 15:43:54 29/09/18
913,92.60,13.25,1001.41,5.00,3.98 15:49:05 29/09/18
908,92.70,13.33,1001.49,5.00,3.98 15:54:18 29/09/18
900,91.90,13.68,1001.48,5.00,3.98 15:59:31 29/09/18
888,91.70,13.73,1001.49,4.84,3.98 16:04:49 29/09/18
895,92.20,13.60,1001.54,5.00,3.98 16:09:57 29/09/18
888,92.30,13.53,1001.60,5.00,3.98 16:15:09 29/09/18
857,92.30,13.53,1001.56,5.00,3.98 16:20:25 29/09/18
880,92.40,13.53,1001.44,4.02,3.98 16:25:41 29/09/18
898,92.50,13.52,1001.44,5.00,3.98 16:30:54 29/09/18
883,92.60,13.47,1001.48,4.07,3.98 16:36:03 29/09/18
877,92.70,13.52,1001.46,5.00,3.98 16:41:16 29/09/18
862,92.60,13.47,1001.47,4.96,3.98 16:46:28 29/09/18
837,92.60,13.45,1001.46,5.00,3.98 16:51:36 29/09/18
867,92.70,13.43,1001.35,5.00,3.98 16:56:49 29/09/18
871,92.70,13.42,1001.27,4.26,3.98 17:02:02 29/09/18
885,92.60,13.42,1001.18,4.71,3.98 17:07:13 29/09/18
895,92.60,13.42,1001.12,4.08,3.98 17:12:25 29/09/18
882,92.80,13.43,1001.05,5.00,3.98 17:17:33 29/09/18
902,92.80,13.42,1000.87,4.38,3.98 17:22:47 29/09/18
904,92.70,13.43,1000.88,5.00,3.98 17:27:58 29/09/18
900,92.60,13.45,1000.91,5.00,3.98 17:33:11 29/09/18
899,92.10,13.78,1000.75,4.10,3.97 17:38:25 29/09/18
890,91.90,13.82,1000.58,5.00,3.98 17:43:41 29/09/18
891,92.20,13.67,1000.66,5.00,3.98 17:48:51 29/09/18
886,92.60,13.56,1000.75,5.00,3.98 17:54:03 29/09/18
875,92.70,13.55,1000.85,5.00,3.98 17:59:15 29/09/18
881,92.60,13.53,1000.81,4.32,3.98 18:04:31 29/09/18
884,92.80,13.54,1000.69,5.00,3.98 18:09:45 29/09/18
870,92.80,13.53,1000.65,4.57,3.98 18:14:57 29/09/18
855,92.90,13.47,1000.66,5.00,3.98 18:20:09 29/09/18
859,92.70,13.45,1000.64,4.47,3.98 18:25:21 29/09/18
870,92.60,13.43,1000.64,4.06,3.98 18:30:33 29/09/18
874,93.10,13.42,1000.62,5.00,3.98 18:36:04 29/09/18
861,93.10,13.43,1000.61,5.00,3.98 18:41:18 29/09/18
861,92.90,13.36,1000.58,5.00,3.98 18:46:32 29/09/18
873,92.90,13.33,1000.58,5.00,3.98 18:51:43 29/09/18
883,92.30,13.60,1000.54,4.59,3.97 18:56:54 29/09/18
874,92.20,13.56,1000.40,5.00,3.97 19:02:07 29/09/18
869,91.80,13.67,1000.37,4.71,3.97 19:07:16 29/09/18
887,92.10,13.60,1000.29,5.00,3.98 19:12:27 29/09/18
896,92.40,13.39,1000.29,4.49,3.98 19:17:41 29/09/18
887,91.90,13.59,1000.34,4.02,3.97 19:22:50 29/09/18
895,91.90,13.54,1000.23,5.00,3.98 19:28:03 29/09/18
889,92.00,13.66,1000.25,4.06,3.97 19:33:25 29/09/18
880,92.30,13.56,1000.14,4.34,3.97 19:38:56 29/09/18
877,92.50,13.40,1000.11,5.00,3.98 19:44:11 29/09/18
890,92.80,13.31,1000.07,4.49,3.96 19:49:23 29/09/18
885,93.10,13.25,9999.70,0.18,0.98 19:54:34 29/09/18
887,93.30,13.23,1000.11,4.17,3.97 19:59:56 29/09/18
886,93.30,13.24,1000.11,5.00,3.98 20:05:12 29/09/18
900,93.20,13.23,1000.05,5.00,3.98 20:10:25 29/09/18
907,93.40,13.24,1000.09,5.00,3.98 20:15:36 29/09/18
905,92.70,13.58,1000.10,5.00,3.97 20:20:46 29/09/18
886,92.50,13.63,1000.03,4.81,3.98 20:25:58 29/09/18
906,93.20,13.50,9998.00,0.10,0.97 20:31:09 29/09/18
911,93.30,13.44,9996.90,0.00,0.98 20:36:21 29/09/18
873,93.50,13.46,9996.50,0.00,0.98 20:41:34 29/09/18
818,92.80,13.73,9998.00,0.00,0.97 20:46:44 29/09/18
713,92.60,13.74,1000.05,4.10,3.97 20:51:56 29/09/18
726,92.80,13.59,1000.16,4.30,3.97 20:57:07 29/09/18
713,93.30,13.47,1000.21,4.16,3.97 21:02:16 29/09/18
692,93.70,13.44,1000.40,4.06,3.97 21:07:31 29/09/18
739,93.00,13.70,1000.22,4.27,3.96 21:12:49 29/09/18
715,92.60,13.65,1000.18,4.15,3.97 21:18:01 29/09/18
663,93.00,13.50,1000.25,4.08,3.97 21:23:12 29/09/18
625,93.10,13.41,1000.27,4.05,3.97 21:28:23 29/09/18
584,93.20,13.34,1000.26,3.98,3.97 21:33:35 29/09/18
649,93.30,13.33,1000.15,4.10,3.97 21:38:46 29/09/18
616,93.50,13.32,1000.13,4.04,3.97 21:43:56 29/09/18
644,93.50,13.31,1000.07,4.04,3.97 21:49:21 29/09/18
150,91.00,14.47,1000.19,0.40,3.94 22:18:41 29/09/18
112,91.30,14.06,1000.21,0.14,3.95 22:23:58 29/09/18
99,92.70,13.61,1000.18,0.05,3.96 22:29:10 29/09/18
92,93.10,13.43,1000.02,0.02,3.96 22:34:21 29/09/18
85,93.70,13.26,1000.24,0.00,3.96 17:48:33 10/11/18
84,93.70,13.17,1000.36,0.00,3.96 17:53:45 10/11/18
